 181 182 182 181 181 181 172  92 171 177 181 179 165  62  47  34
 184 184 185 182 182 181 175  90 168 182 182 182 170  64  49  39
 185 185 185 183 182 181 178 101 172 181 181 181 179 131  70  69
 185 184 184 182 186 186 176  90 176 175 182 181 180 177 174 173
 185 185 185 182 188 186 171  81 162 179 185 185 185 185 185 186
 186 187 187 188 188 185 164  77 143 185 185 187 186 186 186 186
 187 188 188 190 188 184 154  74 136 184 186 187 187 187 186 185
 188 188 190 189 188 187 149  71 134 181 191 189 188 188 187 186
 190 190 189 189 188 187 135  63 129 184 187 189 189 187 188 187
 189 189 189 192 188 185 129  60 123 185 189 189 189 188 188 188
 189 189 189 193 188 183 114  57 112 184 187 190 189 189 188 188
 190 189 189 188 191 177  84  50  81 177 189 191 191 190 189 189
 192 190 189 186 193 175  73  43  68 171 191 190 190 189 189 189
 191 190 189 190 185 145  54  44  49 142 183 190 189 188 188 189
 192 190 188 192 179  92  49  34  39  93 176 189 190 189 190 190
 191 190 190 189 164  47  45  39  44  55 148 186 187 189 191 191
 177 178 177 176 176 176 165  69 153 178 176 175 161  48  31  29
 177 177 177 177 177 176 170  63 165 175 176 175 163  48  33  31
 178 178 178 178 177 176 173  79 170 177 177 176 173 119  52  52
 178 178 178 178 177 176 172  68 166 176 177 177 176 173 169 168
 179 179 179 179 178 177 169  54 146 176 176 176 176 176 175 175
 179 179 179 179 179 177 158  47 127 178 178 178 177 177 177 177
 179 180 180 179 179 176 148  44 119 178 177 177 177 177 177 177
 180 180 181 179 178 175 137  38 112 179 176 177 177 177 177 176
 181 181 180 180 179 177 125  36 101 179 176 177 177 177 177 177
 180 180 180 180 179 177 113  33  94 178 177 177 177 176 177 177
 180 180 180 180 180 175  98  30  83 177 176 177 177 177 177 177
 180 179 179 178 178 170  57  30  46 162 178 176 177 177 176 177
 180 178 177 178 178 168  44  29  36 154 178 176 177 177 177 176
 179 179 177 177 177 136  26  27  28 115 176 176 176 175 175 175
 180 178 176 178 169  77  27  27  26  69 162 178 177 176 175 175
 178 177 178 177 151  31  25  29  27  34 121 177 176 176 175 175
 179 180 179 178 178 178 165  64 150 174 174 174 162  46  28  31
 178 178 178 178 177 176 170  62 155 179 175 175 163  50  33  33
 178 178 178 178 177 176 173  74 156 176 173 174 172 119  51  51
 177 177 177 178 178 177 171  66 158 179 172 172 171 168 164 162
 177 177 177 176 176 173 164  54 139 178 171 171 171 171 170 170
 176 176 176 174 175 176 159  45 123 172 171 171 170 170 169 169
 175 176 176 174 176 175 149  41 115 171 171 171 170 169 167 166
 175 175 175 175 175 175 139  37 103 168 173 172 171 168 166 165
 175 175 174 173 173 174 122  34  94 168 171 171 170 167 166 166
 174 174 174 171 173 172 112  34  88 167 170 171 169 166 165 166
 174 174 174 172 173 170  97  31  77 165 168 170 168 165 163 163
 174 173 173 171 170 162  60  34  45 152 170 168 167 164 162 162
 175 173 172 171 169 160  48  32  34 144 169 168 166 163 162 161
 173 171 169 170 166 130  32  28  35 103 165 165 163 162 162 160
 172 170 169 170 158  72  31  27  31  55 149 162 163 163 162 160
 173 172 171 168 143  30  30  27  25  25 104 161 161 161 160 159

  34  39  69 173 186 186 185 186 187 188 188 189 189 189 190 191
  47  49  70 174 185 186 186 187 188 188 188 189 189 188 190 191
  62  64 131 177 185 186 187 188 187 188 189 190 189 188 189 189
 165 170 179 180 185 186 187 188 189 189 189 191 190 189 190 187
 179 182 181 181 185 187 187 189 189 189 190 191 190 190 189 186
 181 182 181 182 185 185 186 191 187 189 187 189 191 183 176 148
 177 182 181 175 179 185 184 181 184 185 184 177 171 142  93  55
 171 168 172 176 162 143 136 134 129 123 112  81  68  49  39  44
  92  90 101  90  81  77  74  71  63  60  57  50  43  44  34  39
 172 175 178 176 171 164 154 149 135 129 114  84  73  54  49  45
 181 181 181 186 186 185 184 187 187 185 183 177 175 145  92  47
 181 182 182 186 188 188 188 188 188 188 188 191 193 185 179 164
 181 182 183 182 182 188 190 189 189 192 193 188 186 190 192 189
 182 185 185 184 185 187 188 190 189 189 189 189 189 189 188 190
 182 184 185 184 185 187 188 188 190 189 189 189 190 190 190 190
 181 184 185 185 185 186 187 188 190 189 189 190 192 191 192 191
  29  31  52 168 175 177 177 176 177 177 177 177 176 175 175 175
  31  33  52 169 175 177 177 177 177 177 177 176 177 175 175 175
  48  48 119 173 176 177 177 177 177 176 177 177 177 175 176 176
 161 163 173 176 176 177 177 177 177 177 177 177 177 176 177 176
 175 175 176 177 176 178 177 177 177 177 177 176 176 176 178 177
 176 176 177 177 176 178 177 176 176 177 176 178 178 176 162 121
 178 175 177 176 176 178 178 179 179 178 177 162 154 115  69  34
 153 165 170 166 146 127 119 112 101  94  83  46  36  28  26  27
  69  63  79  68  54  47  44  38  36  33  30  30  29  27  27  29
 165 170 173 172 169 158 148 137 125 113  98  57  44  26  27  25
 176 176 176 176 177 177 176 175 177 177 175 170 168 136  77  31
 176 177 177 177 178 179 179 178 179 179 180 178 178 177 169 151
 176 177 178 178 179 179 179 179 180 180 180 178 178 177 178 177
 177 177 178 178 179 179 180 181 180 180 180 179 177 177 176 178
 178 177 178 178 179 179 180 180 181 180 180 179 178 179 178 177
 177 177 178 178 179 179 179 180 181 180 180 180 180 179 180 178
  31  33  51 162 170 169 166 165 166 166 163 162 161 160 160 159
  28  33  51 164 170 169 167 166 166 165 163 162 162 162 162 160
  46  50 119 168 171 170 169 168 167 166 165 164 163 162 163 161
 162 163 172 171 171 170 170 171 170 169 168 167 166 163 163 161
 174 175 174 172 171 171 171 172 171 171 170 168 168 165 162 161
 174 175 173 172 171 171 171 173 171 170 168 170 169 165 149 104
 174 179 176 179 178 172 171 168 168 167 165 152 144 103  55  25
 150 155 156 158 139 123 115 103  94  88  77  45  34  35  31  25
  64  62  74  66  54  45  41  37  34  34  31  34  32  28  27  27
 165 170 173 171 164 159 149 139 122 112  97  60  48  32  31  30
 178 176 176 177 173 176 175 175 174 172 170 162 160 130  72  30
 178 177 177 178 176 175 176 175 173 173 173 170 169 166 158 143
 178 178 178 178 176 174 174 175 173 171 172 171 171 170 170 168
 179 178 178 177 177 176 176 175 174 174 174 173 172 169 169 171
 180 178 178 177 177 176 176 175 175 174 174 173 173 171 170 172
 179 178 178 177 177 176 175 175 175 174 174 174 175 173 172 173

 191 191 189 187 186 148  55  44  39  45  47 164 189 190 190 191
 190 190 189 190 189 176  93  39  34  49  92 179 192 188 190 192
 189 188 188 189 190 183 142  49  44  54 145 185 190 189 190 191
 189 189 189 190 190 191 171  68  43  73 175 193 186 189 190 192
 189 189 190 191 191 189 177  81  50  84 177 191 188 189 189 190
 188 188 189 189 190 187 184 112  57 114 183 188 193 189 189 189
 188 188 188 189 189 189 185 123  60 129 185 188 192 189 189 189
 187 188 187 189 189 187 184 129  63 135 187 188 189 189 190 190
 186 187 188 188 189 191 181 134  71 149 187 188 189 190 188 188
 185 186 187 187 187 186 184 136  74 154 184 188 190 188 188 187
 186 186 186 186 187 185 185 143  77 164 185 188 188 187 187 186
 186 185 185 185 185 185 179 162  81 171 186 188 182 185 185 185
 173 174 177 180 181 182 175 176  90 176 186 186 182 184 184 185
  69  70 131 179 181 181 181 172 101 178 181 182 183 185 185 185
  39  49  64 170 182 182 182 168  90 175 181 182 182 185 184 184
  34  47  62 165 179 181 177 171  92 172 181 181 181 182 182 181
 175 175 176 176 177 121  34  27  29  25  31 151 177 178 177 178
 175 175 176 177 178 162  69  26  27  27  77 169 178 176 178 180
 175 175 175 176 176 176 115  28  27  26 136 177 177 177 179 179
 176 177 177 177 176 178 154  36  29  44 168 178 178 177 178 180
 177 176 177 177 176 178 162  46  30  57 170 178 178 179 179 180
 177 177 177 177 177 176 177  83  30  98 175 180 180 180 180 180
 177 177 176 177 177 177 178  94  33 113 177 179 180 180 180 180
 177 177 177 177 177 176 179 101  36 125 177 179 180 180 181 181
 176 177 177 177 177 176 179 112  38 137 175 178 179 181 180 180
 177 177 177 177 177 177 178 119  44 148 176 179 179 180 180 179
 177 177 177 177 178 178 178 127  47 158 177 179 179 179 179 179
 175 175 176 176 176 176 176 146  54 169 177 178 179 179 179 179
 168 169 173 176 177 177 176 166  68 172 176 177 178 178 178 178
  52  52 119 173 176 177 177 170  79 173 176 177 178 178 178 178
  31  33  48 163 175 176 175 165  63 170 176 177 177 177 177 177
  29  31  48 161 175 176 178 153  69 165 176 176 176 177 178 177
 159 160 161 161 161 104  25  25  27  30  30 143 168 171 172 173
 160 162 163 163 162 149  55  31  27  31  72 158 170 169 170 172
 160 162 162 163 165 165 103  35  28  32 130 166 170 169 171 173
 161 162 163 166 168 169 144  34  32  48 160 169 171 172 173 175
 162 162 164 167 168 170 152  45  34  60 162 170 171 173 173 174
 163 163 165 168 170 168 165  77  31  97 170 173 172 174 174 174
 166 165 166 169 171 170 167  88  34 112 172 173 171 174 174 174
 166 166 167 170 171 171 168  94  34 122 174 173 173 174 175 175
 165 166 168 171 172 173 168 103  37 139 175 175 175 175 175 175
 166 167 169 170 171 171 171 115  41 149 175 176 174 176 176 175
 169 169 170 170 171 171 172 123  45 159 176 175 174 176 176 176
 170 170 171 171 171 171 178 139  54 164 173 176 176 177 177 177
 162 164 168 171 172 172 179 158  66 171 177 178 178 177 177 177
  51  51 119 172 174 173 176 156  74 173 176 177 178 178 178 178
  33  33  50 163 175 175 179 155  62 170 176 177 178 178 178 178
  31  28  46 162 174 174 174 150  64 165 178 178 178 179 180 179

 191 192 191 192 190 189 189 190 188 187 186 185 185 185 184 181
 190 190 190 190 189 189 189 190 188 188 187 185 184 185 184 182
 190 188 189 189 189 189 189 189 190 188 187 185 184 185 185 182
 189 192 190 186 188 193 192 189 189 190 188 182 182 183 182 181
 164 179 185 193 191 188 188 188 188 188 188 188 186 182 182 181
  47  92 145 175 177 183 185 187 187 184 185 186 186 181 181 181
  45  49  54  73  84 114 129 135 149 154 164 171 176 178 175 172
  39  34  44  43  50  57  60  63  71  74  77  81  90 101  90  92
  44  39  49  68  81 112 123 129 134 136 143 162 176 172 168 171
  55  93 142 171 177 184 185 184 181 184 185 179 175 181 182 177
 148 176 183 191 189 187 189 187 191 186 185 185 182 181 182 181
 186 189 190 190 191 190 189 189 189 187 187 185 181 181 182 179
 187 190 189 190 191 189 189 189 188 187 186 185 180 179 170 165
 189 189 188 189 190 189 188 187 188 187 186 185 177 131  64  62
 191 190 188 189 189 188 188 188 187 186 186 185 174  70  49  47
 191 190 189 189 189 188 188 187 186 185 186 186 173  69  39  34
 178 180 179 180 180 180 180 181 180 179 179 179 178 178 177 177
 177 178 179 178 179 180 180 181 180 180 179 179 178 178 177 178
 178 176 177 177 179 180 180 180 181 180 179 179 178 178 177 177
 177 178 177 178 178 180 180 180 179 179 179 179 178 178 177 176
 151 169 177 178 178 180 179 179 178 179 179 178 177 177 177 176
  31  77 136 168 170 175 177 177 175 176 177 177 176 176 176 176
  25  27  26  44  57  98 113 125 137 148 158 169 172 173 170 165
  29  27  27  29  30  30  33  36  38  44  47  54  68  79  63  69
  27  26  28  36  46  83  94 101 112 119 127 146 166 170 165 153
  34  69 115 154 162 177 178 179 179 178 178 176 176 177 175 178
 121 162 176 178 178 176 177 176 176 177 178 176 177 177 176 176
 177 178 176 176 176 177 177 177 177 177 178 176 177 176 175 175
 176 177 176 177 177 177 177 177 177 177 177 176 176 173 163 161
 176 176 175 177 177 177 176 177 177 177 177 176 173 119  48  48
 175 175 175 177 176 177 177 177 177 177 177 175 169  52  33  31
 175 175 175 176 177 177 177 177 176 177 177 175 168  52  31  29
 173 172 173 175 174 174 174 175 175 175 176 177 177 178 178 179
 172 170 171 173 173 174 174 175 175 176 176 177 177 178 178 180
 171 169 169 172 173 174 174 174 175 176 176 177 177 178 178 179
 168 170 170 171 171 172 171 173 175 174 174 176 178 178 178 178
 143 158 166 169 170 173 173 173 175 176 175 176 178 177 177 178
  30  72 130 160 162 170 172 174 175 175 176 173 177 176 176 178
  30  31  32  48  60  97 112 122 139 149 159 164 171 173 170 165
  27  27  28  32  34  31  34  34  37  41  45  54  66  74  62  64
  25  31  35  34  45  77  88  94 103 115 123 139 158 156 155 150
  25  55 103 144 152 165 167 168 168 171 172 178 179 176 179 174
 104 149 165 169 170 168 170 171 173 171 171 171 172 173 175 174
 161 162 165 168 168 170 171 171 172 171 171 171 172 174 175 174
 161 163 163 166 167 168 169 170 171 170 170 171 171 172 163 162
 161 163 162 163 164 165 166 167 168 169 170 171 168 119  50  46
 160 162 162 162 162 163 165 166 166 167 169 170 164  51  33  28
 159 160 160 161 162 163 166 166 165 166 169 170 162  51  33  31

