 153 158 163 163 172 174 174 171 175 182 183 176 173 182 182 174
 201 198 196 202 197 201 200 199 202 202 199 197 196 198 197 193
 201 204 205 210 204 204 205 204 204 203 201 199 199 199 197 195
 193 205 205 209 202 204 206 205 205 205 204 203 201 200 201 196
 193 207 207 207 206 207 208 208 207 206 206 206 204 202 201 198
 202 212 214 211 210 208 208 208 207 206 206 207 205 203 202 199
 200 211 209 209 207 208 209 209 208 208 209 209 207 206 204 200
 198 214 213 213 213 211 211 211 210 210 210 210 208 206 203 201
 194 210 211 215 216 214 211 211 211 212 211 209 209 208 204 202
 193 213 209 211 221 207 208 212 211 208 212 210 209 206 205 203
 181 155 216 209 166 182 155 149 211 204 210 209 208 202 203 198
 178 145 208 199 145 181 158 157 196 172 181 202 174 144 169 190
 151 117 138 144 135 175 155 151 167 121 164 173 156 176 155 159
 167 133 184 175 129 168 145 157 164 145 199 142 164 202 176 134
 182 143 212 206 132 184 139 151 170 152 189 163 146 182 157 165
 198 147 201 213 150 183 153 157 177 171 198 198 157 130 147 204
 124 143 142 134 151 152 153 147 150 157 158 153 149 161 165 161
 165 181 178 178 181 180 179 177 179 178 177 176 175 176 175 175
 164 183 180 180 182 181 181 180 180 179 179 180 179 178 176 175
 157 183 183 183 184 183 182 181 180 181 181 181 179 179 180 177
 166 185 185 184 184 183 183 183 182 181 180 180 179 178 180 178
 171 181 185 183 183 183 183 183 182 181 180 181 180 179 181 179
 173 185 184 184 184 184 183 183 182 182 181 182 180 181 182 179
 167 186 185 185 184 184 184 183 182 182 182 182 181 181 181 180
 164 185 185 185 184 184 184 183 183 184 183 182 182 182 180 180
 169 183 185 186 179 186 184 178 182 183 179 182 181 179 181 180
 156  96 186 184 103 146 128 110 182 184 182 181 182 179 182 178
 143  80 181 180  89 137 133 117 160 133 135 173 135 103 118 178
 123  69  96  98  58 124 113 103 126  67 122 134  81 131 102 108
 134  66 145 141  79 138 102 103 124  95 176 112 110 177 156  85
 145  74 180 178  82 140 100  98 132  93 182 126  79 164 122  97
 149  99 186 181 103 155 111 113 147 115 183 167 101  84  96 161
 120 139 142 135 149 150 151 147 153 160 160 155 152 166 170 166
 157 178 179 178 175 176 176 174 176 175 175 174 174 178 178 177
 157 179 180 180 177 177 178 177 177 176 175 175 174 176 175 175
 147 175 179 179 176 178 179 177 177 177 176 175 175 175 177 175
 153 173 177 177 177 178 178 178 177 176 176 177 176 175 176 174
 159 171 177 176 177 178 178 178 177 176 176 178 177 176 177 175
 161 174 175 176 177 177 175 176 176 175 176 176 174 174 174 171
 158 178 177 177 176 174 172 174 174 175 177 175 174 174 173 172
 153 176 176 177 176 174 172 174 175 177 178 175 174 174 172 170
 159 173 171 179 174 176 179 170 172 176 178 173 173 171 172 171
 143  81 165 173  93 120 109  92 165 172 178 176 176 172 176 172
 127  66 163 170  75 107 123 104 145 116 125 170 128  90 102 163
 107  56  79  83  47 119  96  81 116  41 110 125  75 115  88  97
 118  56 130 126  66 123  88  79 119  72 168  93 100 171 151  77
 129  63 169 169  71 123  89  74 119  74 169 109  71 152 113  94
 136  81 170 169  91 137  94  96 128 102 168 162  92  61  76 154

 174 193 195 196 198 199 200 201 202 203 198 190 159 134 165 204
 182 197 197 201 201 202 204 203 204 205 203 169 155 176 157 147
 182 198 199 200 202 203 206 206 208 206 202 144 176 202 182 130
 173 196 199 201 204 205 207 208 209 209 208 174 156 164 146 157
 176 197 199 203 206 207 209 210 209 210 209 202 173 142 163 198
 183 199 201 204 206 206 209 210 211 212 210 181 164 199 189 198
 182 202 203 205 206 206 208 210 212 208 204 172 121 145 152 171
 175 202 204 205 207 207 208 210 211 211 211 196 167 164 170 177
 171 199 204 205 208 208 209 211 211 212 149 157 151 157 151 157
 174 200 205 206 208 208 209 211 211 208 155 158 155 145 139 153
 174 201 204 204 207 208 208 211 214 207 182 181 175 168 184 183
 172 197 204 202 206 210 207 213 216 221 166 145 135 129 132 150
 163 202 210 209 207 211 209 213 215 211 209 199 144 175 206 213
 163 196 205 205 207 214 209 213 211 209 216 208 138 184 212 201
 158 198 204 205 207 212 211 214 210 213 155 145 117 133 143 147
 153 201 201 193 193 202 200 198 194 193 181 178 151 167 182 198
 161 175 175 177 178 179 179 180 180 180 178 178 108  85  97 161
 165 175 176 180 180 181 182 181 180 181 182 118 102 156 122  96
 161 176 178 179 178 179 181 181 182 179 179 103 131 177 164  84
 149 175 179 179 179 180 180 181 182 181 182 135  81 110  79 101
 153 176 180 181 180 181 182 182 182 182 181 173 134 112 126 167
 158 177 179 181 180 180 181 182 183 179 182 135 122 176 182 183
 157 178 179 181 181 181 182 182 184 183 184 133  67  95  93 115
 150 179 180 180 182 182 182 182 183 182 182 160 126 124 132 147
 147 177 180 181 183 183 183 183 183 178 110 117 103 103  98 113
 153 179 181 182 183 183 183 184 184 184 128 133 113 102 100 111
 152 180 181 183 183 183 184 184 184 186 146 137 124 138 140 155
 151 181 182 184 184 183 184 184 184 179 103  89  58  79  82 103
 134 178 180 183 184 183 184 185 185 186 184 180  98 141 178 181
 142 178 180 183 185 185 184 185 185 185 186 181  96 145 180 186
 143 181 183 183 185 181 185 186 185 183  96  80  69  66  74  99
 124 165 164 157 166 171 173 167 164 169 156 143 123 134 145 149
 166 177 175 175 174 175 171 172 170 171 172 163  97  77  94 154
 170 178 175 177 176 177 174 173 172 172 176 102  88 151 113  76
 166 178 176 175 175 176 174 174 174 171 172  90 115 171 152  61
 152 174 174 175 176 177 174 174 174 173 176 128  75 100  71  92
 155 174 175 175 177 178 176 175 175 173 176 170 125  93 109 162
 160 175 175 176 176 176 176 177 178 178 178 125 110 168 169 168
 160 175 176 177 176 176 175 175 177 176 172 116  41  72  74 102
 153 176 177 177 177 177 176 174 175 172 165 145 116 119 119 128
 147 174 177 177 178 178 176 174 174 170  92 104  81  79  74  96
 151 176 178 179 178 178 175 172 172 179 109 123  96  88  89  94
 150 176 177 178 178 178 177 174 174 176 120 107 119 123 123 137
 149 175 177 176 177 177 177 176 176 174  93  75  47  66  71  91
 135 178 180 179 177 176 176 177 177 179 173 170  83 126 169 169
 142 179 180 179 177 177 175 177 176 171 165 163  79 130 169 170
 139 178 179 175 173 171 174 178 176 173  81  66  56  56  63  81
 120 157 157 147 153 159 161 158 153 159 143 127 107 118 129 136

 204 147 130 157 198 198 171 177 157 153 183 150 213 201 147 198
 165 157 182 146 163 189 152 170 151 139 184 132 206 212 143 182
 134 176 202 164 142 199 145 164 157 145 168 129 175 184 133 167
 159 155 176 156 173 164 121 167 151 155 175 135 144 138 117 151
 190 169 144 174 202 181 172 196 157 158 181 145 199 208 145 178
 198 203 202 208 209 210 204 211 149 155 182 166 209 216 155 181
 203 205 206 209 210 212 208 211 212 208 207 221 211 209 213 193
 202 204 208 209 209 211 212 211 211 211 214 216 215 211 210 194
 201 203 206 208 210 210 210 210 211 211 211 213 213 213 214 198
 200 204 206 207 209 209 208 208 209 209 208 207 209 209 211 200
 199 202 203 205 207 206 206 207 208 208 208 210 211 214 212 202
 198 201 202 204 206 206 206 207 208 208 207 206 207 207 207 193
 196 201 200 201 203 204 205 205 205 206 204 202 209 205 205 193
 195 197 199 199 199 201 203 204 204 205 204 204 210 205 204 201
 193 197 198 196 197 199 202 202 199 200 201 197 202 196 198 201
 174 182 182 173 176 183 182 175 171 174 174 172 163 163 158 153
 161  96  84 101 167 183 115 147 113 111 155 103 181 186  99 149
  97 122 164  79 126 182  93 132  98 100 140  82 178 180  74 145
  85 156 177 110 112 176  95 124 103 102 138  79 141 145  66 134
 108 102 131  81 134 122  67 126 103 113 124  58  98  96  69 123
 178 118 103 135 173 135 133 160 117 133 137  89 180 181  80 143
 178 182 179 182 181 182 184 182 110 128 146 103 184 186  96 156
 180 181 179 181 182 179 183 182 178 184 186 179 186 185 183 169
 180 180 182 182 182 183 184 183 183 184 184 184 185 185 185 164
 180 181 181 181 182 182 182 182 183 184 184 184 185 185 186 167
 179 182 181 180 182 181 182 182 183 183 184 184 184 184 185 173
 179 181 179 180 181 180 181 182 183 183 183 183 183 185 181 171
 178 180 178 179 180 180 181 182 183 183 183 184 184 185 185 166
 177 180 179 179 181 181 181 180 181 182 183 184 183 183 183 157
 175 176 178 179 180 179 179 180 180 181 181 182 180 180 183 164
 175 175 176 175 176 177 178 179 177 179 180 181 178 178 181 165
 161 165 161 149 153 158 157 150 147 153 152 151 134 142 143 124
 154  76  61  92 162 168 102 128  96  94 137  91 169 170  81 136
  94 113 152  71 109 169  74 119  74  89 123  71 169 169  63 129
  77 151 171 100  93 168  72 119  79  88 123  66 126 130  56 118
  97  88 115  75 125 110  41 116  81  96 119  47  83  79  56 107
 163 102  90 128 170 125 116 145 104 123 107  75 170 163  66 127
 172 176 172 176 176 178 172 165  92 109 120  93 173 165  81 143
 171 172 171 173 173 178 176 172 170 179 176 174 179 171 173 159
 170 172 174 174 175 178 177 175 174 172 174 176 177 176 176 153
 172 173 174 174 175 177 175 174 174 172 174 176 177 177 178 158
 171 174 174 174 176 176 175 176 176 175 177 177 176 175 174 161
 175 177 176 177 178 176 176 177 178 178 178 177 176 177 171 159
 174 176 175 176 177 176 176 177 178 178 178 177 177 177 173 153
 175 177 175 175 175 176 177 177 177 179 178 176 179 179 175 147
 175 175 176 174 175 175 176 177 177 178 177 177 180 180 179 157
 177 178 178 174 174 175 175 176 174 176 176 175 178 179 178 157
 166 170 166 152 155 160 160 153 147 151 150 149 135 142 139 120

 198 182 167 151 178 181 193 194 198 200 202 193 193 201 201 153
 147 143 133 117 145 155 213 210 214 211 212 207 205 204 198 158
 201 212 184 138 208 216 209 211 213 209 214 207 205 205 196 163
 213 206 175 144 199 209 211 215 213 209 211 207 209 210 202 163
 150 132 129 135 145 166 221 216 213 207 210 206 202 204 197 172
 183 184 168 175 181 182 207 214 211 208 208 207 204 204 201 174
 153 139 145 155 158 155 208 211 211 209 208 208 206 205 200 174
 157 151 157 151 157 149 212 211 211 209 208 208 205 204 199 171
 177 170 164 167 196 211 211 211 210 208 207 207 205 204 202 175
 171 152 145 121 172 204 208 212 210 208 206 206 205 203 202 182
 198 189 199 164 181 210 212 211 210 209 206 206 204 201 199 183
 198 163 142 173 202 209 210 209 210 209 207 206 203 199 197 176
 157 146 164 156 174 208 209 209 208 207 205 204 201 199 196 173
 130 182 202 176 144 202 206 208 206 206 203 202 200 199 198 182
 147 157 176 155 169 203 205 204 203 204 202 201 201 197 197 182
 204 165 134 159 190 198 203 202 201 200 199 198 196 195 193 174
 149 145 134 123 143 156 169 164 167 173 171 166 157 164 165 124
  99  74  66  69  80  96 183 185 186 185 181 185 183 183 181 143
 186 180 145  96 181 186 185 185 185 184 185 185 183 180 178 142
 181 178 141  98 180 184 186 185 185 184 183 184 183 180 178 134
 103  82  79  58  89 103 179 184 184 184 183 184 184 182 181 151
 155 140 138 124 137 146 186 184 184 184 183 183 183 181 180 152
 111 100 102 113 133 128 184 184 184 183 183 183 182 181 179 153
 113  98 103 103 117 110 178 183 183 183 183 183 181 180 177 147
 147 132 124 126 160 182 182 183 182 182 182 182 180 180 179 150
 115  93  95  67 133 184 183 184 182 182 181 181 181 179 178 157
 183 182 176 122 135 182 179 183 182 181 180 180 181 179 177 158
 167 126 112 134 173 181 182 182 182 182 181 180 181 180 176 153
 101  79 110  81 135 182 181 182 181 180 180 179 179 179 175 149
  84 164 177 131 103 179 179 182 181 181 179 178 179 178 176 161
  96 122 156 102 118 182 181 180 181 182 181 180 180 176 175 165
 161  97  85 108 178 178 180 180 180 179 179 178 177 175 175 161
 136 129 118 107 127 143 159 153 158 161 159 153 147 157 157 120
  81  63  56  56  66  81 173 176 178 174 171 173 175 179 178 139
 170 169 130  79 163 165 171 176 177 175 177 177 179 180 179 142
 169 169 126  83 170 173 179 177 177 176 176 177 179 180 178 135
  91  71  66  47  75  93 174 176 176 177 177 177 176 177 175 149
 137 123 123 119 107 120 176 174 174 177 178 178 178 177 176 150
  94  89  88  96 123 109 179 172 172 175 178 178 179 178 176 151
  96  74  79  81 104  92 170 174 174 176 178 178 177 177 174 147
 128 119 119 116 145 165 172 175 174 176 177 177 177 177 176 153
 102  74  72  41 116 172 176 177 175 175 176 176 177 176 175 160
 168 169 168 110 125 178 178 178 177 176 176 176 176 175 175 160
 162 109  93 125 170 176 173 175 175 176 178 177 175 175 174 155
  92  71 100  75 128 176 173 174 174 174 177 176 175 174 174 152
  61 152 171 115  90 172 171 174 174 174 176 175 175 176 178 166
  76 113 151  88 102 176 172 172 173 174 177 176 177 175 178 170
 154  94  77  97 163 172 171 170 172 171 175 174 175 175 177 166

