 191 190 190 189 189 190 191 190 188 187 186 185 187 190 190 188
 135 137 143 151 179 189 187 188 136 137 139 143 168 190 186 197
  96  96 100 104 115 169 188 165 100 104  98 103 132 191 185 192
  94 134 149 104 107 148 189 125  96  94  87  92 117 163 187 192
  98 146 154 110 111 146 170 102  89  89  89  88 100 135 187 191
  94  98 103 102 124 180 137 100  90  92  90  91  92 110 182 187
  94 130 111  99 138 180 102 100  93  99 108  93  98 104 150 187
 115 164 149 120 115 137  97 101  99 110 169  94  97  98 122 180
 154 179 195 165 151 107  97  96 108 140 183 107 100  95 107 159
 199 200 199 191 180  97  94  95 102 147 157 124  99  98 104 129
 203 203 202 197 149 104 101  91 104 109 111 108  99  97 102 106
 205 204 204 191 116 101  94  98 101 102 103 104 104  99  99 110
 204 205 202 161 107 101  95 117 137 136 136 141 129 107  96 103
 206 204 201 141 122 112 104 147 195 194 193 193 178 122 103 105
 208 206 200 171 168 165 163 185 201 200 199 197 195 172 152 155
 208 208 205 201 198 200 200 201 202 201 202 200 201 194 190 193
 189 188 189 187 187 188 189 188 186 186 185 184 186 187 187 185
 116 120 124 134 168 188 189 182 127 118 122 126 152 188 187 184
  55  61  63  63  77 153 187 154  66  64  65  67  96 177 187 185
  56 124 146  85  67 123 183 112  62  61  59  61  74 140 191 186
  61 137 152  96  68 122 163  81  60  60  60  59  65 108 180 185
  60  70  70  68  84 167 126  64  61  63  61  62  64  81 152 185
  64 103  74  69 121 176  82  62  64  69  78  63  67  70 125 181
  72 143 147  73  79 108  65  64  67  86 151  68  65  66  90 164
 134 172 188 143 127  79  66  64  72 125 181  84  63  62  72 137
 192 193 192 188 170  75  66  65  72 132 149 103  64  64  69 102
 193 192 191 188 129  69  67  65  67  71  71  70  65  64  67  75
 193 192 192 176  87  66  68  69  69  69  70  70  69  65  68  71
 193 194 191 145  76  69  69  77 102 104 103 110  99  69  67  68
 195 193 190 108  77  74  76 112 184 190 187 187 172  84  71  69
 196 194 188 143 139 141 143 169 191 191 191 189 187 149 127 126
 196 196 193 194 192 192 191 192 191 190 190 189 189 190 186 186
 186 183 183 184 184 185 186 185 183 183 182 182 182 182 182 180
 110 111 114 126 162 183 187 185 122 103 111 114 139 180 183 183
  52  55  56  56  69 144 182 155  55  46  55  54  77 163 178 182
  60 124 146  83  60 112 176 110  50  48  53  51  56 123 177 181
  59 133 146  86  65 118 158  77  49  49  49  48  52  93 168 180
  58  58  53  55  81 167 122  58  50  52  50  51  51  67 144 178
  64  99  70  58 118 177  76  52  57  57  65  53  62  55 107 176
  64 136 144  60  70 101  55  51  55  73 137  54  51  48  69 155
 113 157 186 138 121  71  59  59  54 110 167  71  49  45  53 125
 186 187 186 189 166  65  56  57  64 125 140  96  55  50  52  85
 187 187 186 185 124  58  55  54  56  55  51  50  46  51  49  54
 187 186 186 174  82  53  52  57  58  55  53  51  48  50  48  50
 186 187 184 135  66  57  55  64  88  91  88  93  82  55  47  47
 188 186 183  92  61  60  61  93 173 180 176 175 160  67  51  51
 189 187 181 127 121 123 125 152 178 180 179 177 175 130 108 105
 189 189 186 185 182 182 181 182 180 179 179 178 178 179 175 175

 188 197 192 192 191 187 187 180 159 129 106 110 103 105 155 193
 190 186 185 187 187 182 150 122 107 104 102  99  96 103 152 190
 190 190 191 163 135 110 104  98  95  98  97  99 107 122 172 194
 187 168 132 117 100  92  98  97 100  99  99 104 129 178 195 201
 185 143 103  92  88  91  93  94 107 124 108 104 141 193 197 200
 186 139  98  87  89  90 108 169 183 157 111 103 136 193 199 202
 187 137 104  94  89  92  99 110 140 147 109 102 136 194 200 201
 188 136 100  96  89  90  93  99 108 102 104 101 137 195 201 202
 190 188 165 125 102 100 100 101  96  95  91  98 117 147 185 201
 191 187 188 189 170 137 102  97  97  94 101  94  95 104 163 200
 190 189 169 148 146 180 180 137 107  97 104 101 101 112 165 200
 189 179 115 107 111 124 138 115 151 180 149 116 107 122 168 198
 189 151 104 104 110 102  99 120 165 191 197 191 161 141 171 201
 190 143 100 149 154 103 111 149 195 199 202 204 202 201 200 205
 190 137  96 134 146  98 130 164 179 200 203 204 205 204 206 208
 191 135  96  94  98  94  94 115 154 199 203 205 204 206 208 208
 185 184 185 186 185 185 181 164 137 102  75  71  68  69 126 186
 187 187 187 191 180 152 125  90  72  69  67  68  67  71 127 186
 187 188 177 140 108  81  70  66  62  64  64  65  69  84 149 190
 186 152  96  74  65  64  67  65  63  64  65  69  99 172 187 189
 184 126  67  61  59  62  63  68  84 103  70  70 110 187 189 189
 185 122  65  59  60  61  78 151 181 149  71  70 103 187 191 190
 186 118  64  61  60  63  69  86 125 132  71  69 104 190 191 190
 186 127  66  62  60  61  64  67  72  72  67  69 102 184 191 191
 188 182 154 112  81  64  62  64  64  65  65  69  77 112 169 192
 189 189 187 183 163 126  82  65  66  66  67  68  69  76 143 191
 188 188 153 123 122 167 176 108  79  75  69  66  69  74 141 192
 187 168  77  67  68  84 121  79 127 170 129  87  76  77 139 192
 187 134  63  85  96  68  69  73 143 188 188 176 145 108 143 194
 189 124  63 146 152  70  74 147 188 192 191 192 191 190 188 193
 188 120  61 124 137  70 103 143 172 193 192 192 194 193 194 196
 189 116  55  56  61  60  64  72 134 192 193 193 193 195 196 196
 180 183 182 181 180 178 176 155 125  85  54  50  47  51 105 175
 182 183 178 177 168 144 107  69  53  52  49  48  47  51 108 175
 182 180 163 123  93  67  55  48  45  50  51  50  55  67 130 179
 182 139  77  56  52  51  62  51  49  55  46  48  82 160 175 178
 182 114  54  51  48  51  53  54  71  96  50  51  93 175 177 178
 182 111  55  53  49  50  65 137 167 140  51  53  88 176 179 179
 183 103  46  48  49  52  57  73 110 125  55  55  91 180 180 179
 183 122  55  50  49  50  57  55  54  64  56  58  88 173 178 180
 185 185 155 110  77  58  52  51  59  57  54  57  64  93 152 182
 186 187 182 176 158 122  76  55  59  56  55  52  55  61 125 181
 185 183 144 112 118 167 177 101  71  65  58  53  57  60 123 182
 184 162  69  60  65  81 118  70 121 166 124  82  66  61 121 182
 184 126  56  83  86  55  58  60 138 189 185 174 135  92 127 185
 183 114  56 146 146  53  70 144 186 186 186 186 184 183 181 186
 183 111  55 124 133  58  99 136 157 187 187 186 187 186 187 189
 186 110  52  60  59  58  64  64 113 186 187 187 186 188 189 189

 193 190 194 201 200 202 201 202 201 200 200 198 201 205 208 208
 155 152 172 195 197 199 200 201 185 163 165 168 171 200 206 208
 105 103 122 178 193 193 194 195 147 104 112 122 141 201 204 206
 103  96 107 129 141 136 136 137 117  95 101 107 161 202 205 204
 110  99  99 104 104 103 102 101  98  94 101 116 191 204 204 205
 106 102  97  99 108 111 109 104  91 101 104 149 197 202 203 203
 129 104  98  99 124 157 147 102  95  94  97 180 191 199 200 199
 159 107  95 100 107 183 140 108  96  97 107 151 165 195 179 154
 180 122  98  97  94 169 110  99 101  97 137 115 120 149 164 115
 187 150 104  98  93 108  99  93 100 102 180 138  99 111 130  94
 187 182 110  92  91  90  92  90 100 137 180 124 102 103  98  94
 191 187 135 100  88  89  89  89 102 170 146 111 110 154 146  98
 192 187 163 117  92  87  94  96 125 189 148 107 104 149 134  94
 192 185 191 132 103  98 104 100 165 188 169 115 104 100  96  96
 197 186 190 168 143 139 137 136 188 187 189 179 151 143 137 135
 188 190 190 187 185 186 187 188 190 191 190 189 189 190 190 191
 186 186 190 189 189 190 190 191 192 191 192 192 194 193 196 196
 126 127 149 187 189 191 191 191 169 143 141 139 143 188 194 196
  69  71  84 172 187 187 190 184 112  76  74  77 108 190 193 195
  68  67  69  99 110 103 104 102  77  69  69  76 145 191 194 193
  71  68  65  69  70  70  69  69  69  68  66  87 176 192 192 193
  75  67  64  65  70  71  71  67  65  67  69 129 188 191 192 193
 102  69  64  64 103 149 132  72  65  66  75 170 188 192 193 192
 137  72  62  63  84 181 125  72  64  66  79 127 143 188 172 134
 164  90  66  65  68 151  86  67  64  65 108  79  73 147 143  72
 181 125  70  67  63  78  69  64  62  82 176 121  69  74 103  64
 185 152  81  64  62  61  63  61  64 126 167  84  68  70  70  60
 185 180 108  65  59  60  60  60  81 163 122  68  96 152 137  61
 186 191 140  74  61  59  61  62 112 183 123  67  85 146 124  56
 185 187 177  96  67  65  64  66 154 187 153  77  63  63  61  55
 184 187 188 152 126 122 118 127 182 189 188 168 134 124 120 116
 185 187 187 186 184 185 186 186 188 189 188 187 187 189 188 189
 175 175 179 178 178 179 179 180 182 181 182 182 185 186 189 189
 105 108 130 175 177 179 180 178 152 125 123 121 127 181 187 189
  51  51  67 160 175 176 180 173  93  61  60  61  92 183 186 188
  47  47  55  82  93  88  91  88  64  55  57  66 135 184 187 186
  50  48  50  48  51  53  55  58  57  52  53  82 174 186 186 187
  54  49  51  46  50  51  55  56  54  55  58 124 185 186 187 187
  85  52  50  55  96 140 125  64  57  56  65 166 189 186 187 186
 125  53  45  49  71 167 110  54  59  59  71 121 138 186 157 113
 155  69  48  51  54 137  73  55  51  55 101  70  60 144 136  64
 176 107  55  62  53  65  57  57  52  76 177 118  58  70  99  64
 178 144  67  51  51  50  52  50  58 122 167  81  55  53  58  58
 180 168  93  52  48  49  49  49  77 158 118  65  86 146 133  59
 181 177 123  56  51  53  48  50 110 176 112  60  83 146 124  60
 182 178 163  77  54  55  46  55 155 182 144  69  56  56  55  52
 183 183 180 139 114 111 103 122 185 187 183 162 126 114 111 110
 180 182 182 182 182 182 183 183 185 186 185 184 184 183 183 186

 208 208 206 204 205 203 199 154 115  94  94  98  94  96 135 191
 208 206 204 205 204 203 200 179 164 130  98 146 134  96 137 190
 205 200 201 202 204 202 199 195 149 111 103 154 149 100 143 190
 201 171 141 161 191 197 191 165 120  99 102 110 104 104 151 189
 198 168 122 107 116 149 180 151 115 138 124 111 107 115 179 189
 200 165 112 101 101 104  97 107 137 180 180 146 148 169 189 190
 200 163 104  95  94 101  94  97  97 102 137 170 189 188 187 191
 201 185 147 117  98  91  95  96 101 100 100 102 125 165 188 190
 202 201 195 137 101 104 102 108  99  93  90  89  96 100 136 188
 201 200 194 136 102 109 147 140 110  99  92  89  94 104 137 187
 202 199 193 136 103 111 157 183 169 108  90  89  87  98 139 186
 200 197 193 141 104 108 124 107  94  93  91  88  92 103 143 185
 201 195 178 129 104  99  99 100  97  98  92 100 117 132 168 187
 194 172 122 107  99  97  98  95  98 104 110 135 163 191 190 190
 190 152 103  96  99 102 104 107 122 150 182 187 187 185 186 190
 193 155 105 103 110 106 129 159 180 187 187 191 192 192 197 188
 196 196 195 193 193 193 192 134  72  64  60  61  56  55 116 189
 196 194 193 194 192 192 193 172 143 103  70 137 124  61 120 188
 193 188 190 191 192 191 192 188 147  74  70 152 146  63 124 189
 194 143 108 145 176 188 188 143  73  69  68  96  85  63 134 187
 192 139  77  76  87 129 170 127  79 121  84  68  67  77 168 187
 192 141  74  69  66  69  75  79 108 176 167 122 123 153 188 188
 191 143  76  69  68  67  66  66  65  82 126 163 183 187 189 189
 192 169 112  77  69  65  65  64  64  62  64  81 112 154 182 188
 191 191 184 102  69  67  72  72  67  64  61  60  62  66 127 186
 190 191 190 104  69  71 132 125  86  69  63  60  61  64 118 186
 190 191 187 103  70  71 149 181 151  78  61  60  59  65 122 185
 189 189 187 110  70  70 103  84  68  63  62  59  61  67 126 184
 189 187 172  99  69  65  64  63  65  67  64  65  74  96 152 186
 190 149  84  69  65  64  64  62  66  70  81 108 140 177 188 187
 186 127  71  67  68  67  69  72  90 125 152 180 191 187 187 187
 186 126  69  68  71  75 102 137 164 181 185 185 186 185 184 185
 189 189 188 186 187 187 186 113  64  64  58  59  60  52 110 186
 189 187 186 187 186 187 187 157 136  99  58 133 124  55 111 183
 186 181 183 184 186 186 186 186 144  70  53 146 146  56 114 183
 185 127  92 135 174 185 189 138  60  58  55  86  83  56 126 184
 182 121  61  66  82 124 166 121  70 118  81  65  60  69 162 184
 182 123  60  57  53  58  65  71 101 177 167 118 112 144 183 185
 181 125  61  55  52  55  56  59  55  76 122 158 176 182 187 186
 182 152  93  64  57  54  57  59  51  52  58  77 110 155 185 185
 180 178 173  88  58  56  64  54  55  57  50  49  50  55 122 183
 179 180 180  91  55  55 125 110  73  57  52  49  48  46 103 183
 179 179 176  88  53  51 140 167 137  65  50  49  53  55 111 182
 178 177 175  93  51  50  96  71  54  53  51  48  51  54 114 182
 178 175 160  82  48  46  55  49  51  62  51  52  56  77 139 182
 179 130  67  55  50  51  50  45  48  55  67  93 123 163 180 182
 175 108  51  47  48  49  52  53  69 107 144 168 177 178 183 182
 175 105  51  47  50  54  85 125 155 176 178 180 181 182 183 180

