  68 106 123 116 125 125 129 127 126 124 126 132 136 135 129 124
 102 153 172 159 164 165 164 162 160 158 160 162 163 160 155 153
 107 167 171 169 163 169 166 153 101 144 168 167 163 162 160 160
  98 173 170 171 166 173 164 143  52 133 166 164 164 164 166 163
 109 170 164 170 172 171 165 139  39 123 166 166 168 167 167 164
 106 167 171 170 169 171 171 131  38 122 166 167 166 164 164 160
 110 174 170 170 171 170 169 119  29 111 164 168 168 166 164 162
 110 179 172 173 173 171 169 100  25  73 169 169 171 168 166 162
 117 180 174 173 172 172 166  74  38  38 160 167 168 167 166 166
 123 179 175 178 178 172 156  57  84  42 123 165 168 167 171 169
 123 177 178 181 176 168 116  63 155  67  74 174 168 168 168 166
 136 184 177 181 175 152  69 123 170 134  47 112 167 173 169 169
 143 179 184 177 145  77  96 167 176 174  91  50 129 173 172 168
 155 178 178 135  79  86 164 173 176 177 163  76  54 110 170 173
 148 155 109  75 100 160 175 179 179 178 179 152  86  45  77 149
 160 113  83 132 169 175 174 177 178 175 179 170 155 103  66 155
  63 118 124 125 131 131 136 136 136 139 139 143 144 144 143 140
  77 174 171 174 173 172 172 169 168 169 171 169 167 165 171 167
  85 174 173 174 174 173 171 162  99 134 168 168 168 169 167 168
  84 172 171 174 175 173 175 150  39 113 171 172 170 168 168 168
  93 175 174 174 174 171 171 147  33 114 171 171 170 168 169 166
  87 172 174 173 172 172 170 140  34 115 168 170 170 168 170 169
  93 171 174 172 172 170 170 122  25  92 172 169 169 169 170 169
  98 171 173 173 173 171 171 102  26  57 167 170 169 168 169 169
  98 171 173 173 172 173 170  75  24  30 148 168 165 167 169 169
 107 172 173 174 173 173 154  46  71  35 101 171 166 171 169 168
 103 173 173 173 174 172 113  37 142  77  45 158 170 169 168 167
 112 175 174 174 174 149  43 103 170 142  34  89 169 167 168 168
 120 175 173 172 149  52  68 163 171 169  98  30 106 166 167 167
 130 174 173 130  50  57 162 173 175 174 165  77  30  86 163 167
 138 152  90  43  66 159 176 174 174 172 170 161  75  28  54 132
 139  92  45 114 169 174 175 175 174 172 170 172 164 101  50 137
  65 119 128 125 136 134 134 135 138 138 138 141 142 144 143 137
  74 166 174 168 172 165 165 165 160 161 161 158 160 159 160 155
  84 163 170 168 164 163 165 159  93 122 158 162 164 162 161 157
  77 164 166 165 162 163 161 150  45 101 156 160 160 160 161 156
  84 160 162 162 163 164 162 148  46 105 154 159 160 160 160 158
  76 155 159 160 159 162 161 139  37  99 159 159 161 159 160 158
  82 154 158 160 161 159 158 129  35  73 155 159 160 159 159 157
  92 157 161 162 162 160 159 109  32  47 142 154 161 159 157 152
  92 159 162 162 161 160 159  79  34  24 123 153 160 156 154 153
  93 158 162 162 160 158 151  51  69  39  87 146 157 154 152 152
  91 158 162 165 161 159 108  34 125  78  45 133 149 154 151 147
 104 161 160 161 161 141  41  88 148 136  41  72 141 154 152 151
 112 160 160 161 137  49  60 147 158 154 101  31  87 143 150 150
 117 158 160 118  39  43 143 156 157 152 153  78  30  75 133 150
 123 140  81  29  54 142 159 157 156 154 157 145  77  28  39 107
 127  88  33  94 154 158 156 157 156 157 156 149 146  98  43 115

 124 153 160 163 164 160 162 162 166 169 166 169 168 173 149 155
 129 155 160 166 167 164 164 166 166 171 168 169 172 170  77  66
 135 160 162 164 167 164 166 168 167 167 168 173 173 110  45 103
 136 163 163 164 168 166 168 171 168 168 168 167 129  54  86 155
 132 162 167 164 166 167 168 169 167 165 174 112  50  76 152 170
 126 160 168 166 166 166 164 169 160 123  74  47  91 163 179 179
 124 158 144 133 123 122 111  73  38  42  67 134 174 177 178 175
 126 160 101  52  39  38  29  25  38  84 155 170 176 176 179 178
 127 162 153 143 139 131 119 100  74  57  63 123 167 173 179 177
 129 164 166 164 165 171 169 169 166 156 116  69  96 164 175 174
 125 165 169 173 171 171 170 171 172 172 168 152  77  86 160 175
 125 164 163 166 172 169 171 173 172 178 176 175 145  79 100 169
 116 159 169 171 170 170 170 173 173 178 181 181 177 135  75 132
 123 172 171 170 164 171 170 172 174 175 178 177 184 178 109  83
 106 153 167 173 170 167 174 179 180 179 177 184 179 178 155 113
  68 102 107  98 109 106 110 110 117 123 123 136 143 155 148 160
 140 167 168 168 166 169 169 169 169 168 167 168 167 167 132 137
 143 171 167 168 169 170 170 169 169 169 168 168 167 163  54  50
 144 165 169 168 168 168 169 168 167 171 169 167 166  86  28 101
 144 167 168 170 170 170 169 169 165 166 170 169 106  30  75 164
 143 169 168 172 171 170 169 170 168 171 158  89  30  77 161 172
 139 171 168 171 171 168 172 167 148 101  45  34  98 165 170 170
 139 169 134 113 114 115  92  57  30  35  77 142 169 174 172 172
 136 168  99  39  33  34  25  26  24  71 142 170 171 175 174 174
 136 169 162 150 147 140 122 102  75  46  37 103 163 173 174 175
 136 172 171 175 171 170 170 171 170 154 113  43  68 162 176 175
 131 172 173 173 171 172 170 171 173 173 172 149  52  57 159 174
 131 173 174 175 174 172 172 173 172 173 174 174 149  50  66 169
 125 174 174 174 174 173 172 173 173 174 173 174 172 130  43 114
 124 171 173 171 174 174 174 173 173 173 173 174 173 173  90  45
 118 174 174 172 175 172 171 171 171 172 173 175 175 174 152  92
  63  77  85  84  93  87  93  98  98 107 103 112 120 130 138 139
 137 155 157 156 158 158 157 152 153 152 147 151 150 150 107 115
 143 160 161 161 160 160 159 157 154 152 151 152 150 133  39  43
 144 159 162 160 160 159 159 159 156 154 154 154 143  75  28  98
 142 160 164 160 160 161 160 161 160 157 149 141  87  30  77 146
 141 158 162 160 159 159 159 154 153 146 133  72  31  78 145 149
 138 161 158 156 154 159 155 142 123  87  45  41 101 153 157 156
 138 161 122 101 105  99  73  47  24  39  78 136 154 152 154 157
 138 160  93  45  46  37  35  32  34  69 125 148 158 157 156 156
 135 165 159 150 148 139 129 109  79  51  34  88 147 156 157 157
 134 165 165 161 162 161 158 159 159 151 108  41  60 143 159 156
 134 165 163 163 164 162 159 160 160 158 159 141  49  43 142 158
 136 172 164 162 163 159 161 162 161 160 161 161 137  39  54 154
 125 168 168 165 162 160 160 162 162 162 165 161 161 118  29  94
 128 174 170 166 162 159 158 161 162 162 162 160 160 160  81  33
 119 166 163 164 160 155 154 157 159 158 158 161 160 158 140  88
  65  74  84  77  84  76  82  92  92  93  91 104 112 117 123 127

 155  66 103 155 170 179 175 178 177 174 175 169 132  83 113 160
 149  77  45  86 152 179 178 179 179 175 160 100  75 109 155 148
 173 170 110  54  76 163 177 176 173 164  86  79 135 178 178 155
 168 172 173 129  50  91 174 176 167  96  77 145 177 184 179 143
 169 169 173 167 112  47 134 170 123  69 152 175 181 177 184 136
 166 168 168 168 174  74  67 155  63 116 168 176 181 178 177 123
 169 171 167 168 165 123  42  84  57 156 172 178 178 175 179 123
 166 166 167 168 167 160  38  38  74 166 172 172 173 174 180 117
 162 166 168 171 169 169  73  25 100 169 171 173 173 172 179 110
 162 164 166 168 168 164 111  29 119 169 170 171 170 170 174 110
 160 164 164 166 167 166 122  38 131 171 171 169 170 171 167 106
 164 167 167 168 166 166 123  39 139 165 171 172 170 164 170 109
 163 166 164 164 164 166 133  52 143 164 173 166 171 170 173  98
 160 160 162 163 167 168 144 101 153 166 169 163 169 171 167 107
 153 155 160 163 162 160 158 160 162 164 165 164 159 172 153 102
 124 129 135 136 132 126 124 126 127 129 125 125 116 123 106  68
 137  50 101 164 172 170 172 174 175 175 174 169 114  45  92 139
 132  54  28  75 161 170 172 174 174 176 159  66  43  90 152 138
 167 163  86  30  77 165 174 175 173 162  57  50 130 173 174 130
 167 167 166 106  30  98 169 171 163  68  52 149 172 173 175 120
 168 168 167 169  89  34 142 170 103  43 149 174 174 174 175 112
 167 168 169 170 158  45  77 142  37 113 172 174 173 173 173 103
 168 169 171 166 171 101  35  71  46 154 173 173 174 173 172 107
 169 169 167 165 168 148  30  24  75 170 173 172 173 173 171  98
 169 169 168 169 170 167  57  26 102 171 171 173 173 173 171  98
 169 170 169 169 169 172  92  25 122 170 170 172 172 174 171  93
 169 170 168 170 170 168 115  34 140 170 172 172 173 174 172  87
 166 169 168 170 171 171 114  33 147 171 171 174 174 174 175  93
 168 168 168 170 172 171 113  39 150 175 173 175 174 171 172  84
 168 167 169 168 168 168 134  99 162 171 173 174 174 173 174  85
 167 171 165 167 169 171 169 168 169 172 172 173 174 171 174  77
 140 143 144 144 143 139 139 136 136 136 131 131 125 124 118  63
 115  43  98 146 149 156 157 156 157 156 158 154  94  33  88 127
 107  39  28  77 145 157 154 156 157 159 142  54  29  81 140 123
 150 133  75  30  78 153 152 157 156 143  43  39 118 160 158 117
 150 150 143  87  31 101 154 158 147  60  49 137 161 160 160 112
 151 152 154 141  72  41 136 148  88  41 141 161 161 160 161 104
 147 151 154 149 133  45  78 125  34 108 159 161 165 162 158  91
 152 152 154 157 146  87  39  69  51 151 158 160 162 162 158  93
 153 154 156 160 153 123  24  34  79 159 160 161 162 162 159  92
 152 157 159 161 154 142  47  32 109 159 160 162 162 161 157  92
 157 159 159 160 159 155  73  35 129 158 159 161 160 158 154  82
 158 160 159 161 159 159  99  37 139 161 162 159 160 159 155  76
 158 160 160 160 159 154 105  46 148 162 164 163 162 162 160  84
 156 161 160 160 160 156 101  45 150 161 163 162 165 166 164  77
 157 161 162 164 162 158 122  93 159 165 163 164 168 170 163  84
 155 160 159 160 158 161 161 160 165 165 165 172 168 174 166  74
 137 143 144 142 141 138 138 138 135 134 134 136 125 128 119  65

 160 148 155 143 136 123 123 117 110 110 106 109  98 107 102  68
 113 155 178 179 184 177 179 180 179 174 167 170 173 167 153 106
  83 109 178 184 177 178 175 174 172 170 171 164 170 171 172 123
 132  75 135 177 181 181 178 173 173 170 170 170 171 169 159 116
 169 100  79 145 175 176 178 172 173 171 169 172 166 163 164 125
 175 160  86  77 152 168 172 172 171 170 171 171 173 169 165 125
 174 175 164  96  69 116 156 166 169 169 171 165 164 166 164 129
 177 179 173 167 123  63  57  74 100 119 131 139 143 153 162 127
 178 179 176 176 170 155  84  38  25  29  38  39  52 101 160 126
 175 178 177 174 134  67  42  38  73 111 122 123 133 144 158 124
 179 179 163  91  47  74 123 160 169 164 166 166 166 168 160 126
 170 152  76  50 112 174 165 167 169 168 167 166 164 167 162 132
 155  86  54 129 167 168 168 168 171 168 166 168 164 163 163 136
 103  45 110 173 173 168 167 167 168 166 164 167 164 162 160 135
  66  77 170 172 169 168 171 166 166 164 164 167 166 160 155 129
 155 149 173 168 169 166 169 166 162 162 160 164 163 160 153 124
 139 138 130 120 112 103 107  98  98  93  87  93  84  85  77  63
  92 152 174 175 175 173 172 171 171 171 172 175 172 174 174 118
  45  90 173 173 174 173 173 173 173 174 174 174 171 173 171 124
 114  43 130 172 174 173 174 173 173 172 173 174 174 174 174 125
 169  66  50 149 174 174 173 172 173 172 172 174 175 174 173 131
 174 159  57  52 149 172 173 173 171 170 172 171 173 173 172 131
 175 176 162  68  43 113 154 170 171 170 170 171 175 171 172 136
 175 174 173 163 103  37  46  75 102 122 140 147 150 162 169 136
 174 174 175 171 170 142  71  24  26  25  34  33  39  99 168 136
 172 172 174 169 142  77  35  30  57  92 115 114 113 134 169 139
 170 170 165  98  34  45 101 148 167 172 168 171 171 168 171 139
 172 161  77  30  89 158 171 168 170 169 170 171 172 168 169 143
 164  75  30 106 169 170 166 165 169 169 170 170 170 168 167 144
 101  28  86 166 167 169 171 167 168 169 168 168 168 169 165 144
  50  54 163 167 168 168 169 169 169 170 170 169 168 167 171 143
 137 132 167 167 168 167 168 169 169 169 169 166 168 168 167 140
 127 123 117 112 104  91  93  92  92  82  76  84  77  84  74  65
  88 140 158 160 161 158 158 159 157 154 155 160 164 163 166 119
  33  81 160 160 160 162 162 162 161 158 159 162 166 170 174 128
  94  29 118 161 161 165 162 162 162 160 160 162 165 168 168 125
 154  54  39 137 161 161 160 161 162 161 159 163 162 164 172 136
 158 142  43  49 141 159 158 160 160 159 162 164 163 163 165 134
 156 159 143  60  41 108 151 159 159 158 161 162 161 165 165 134
 157 157 156 147  88  34  51  79 109 129 139 148 150 159 165 135
 156 156 157 158 148 125  69  34  32  35  37  46  45  93 160 138
 157 154 152 154 136  78  39  24  47  73  99 105 101 122 161 138
 156 157 153 101  41  45  87 123 142 155 159 154 156 158 161 138
 149 145  78  31  72 133 146 153 154 159 159 159 160 162 158 141
 146  77  30  87 141 149 157 160 161 160 161 160 160 164 160 142
  98  28  75 143 154 154 154 156 159 159 159 160 160 162 159 144
  43  39 133 150 152 151 152 154 157 159 160 160 161 161 160 143
 115 107 150 150 151 147 152 153 152 157 158 158 156 157 155 137

